ΙΝ summum.

1161316611ωο1 01. 1. 11. 26. D. 23.

J· 16. 28. 48. 76. 86. Ο. 18. 27. 28.

3738.6864..34016..12116.6.
Ι31111613....2141621616
ill

11616 Tib. 28. 61. 116. 18. 111. 8

1161616 J. 11. Tib. 63

116166661666 0. 16

116161616 Ο. 37. Tib. 6 ·

1161616166 Ν. 48

116161616161. 72. Tib. 13

11616166 01. 46. J. 88

11616366661 Ι).8

1161636160. 16. N. 6

11616 1160. 66. Ν. 16. 116. 68

1161636860. 23

11616361660. 16

1161636166116. 16

116163666130. 46

11616 36611 0. 26. 01. 2338. Ν. 36. Ο.
1⁰· 66. 11637. 66. 68

11616666866 D. 12

11616666111.28

Relicta D. 7. 0. ⁰⁰

Relictam 01. 41

Belial! D· 96 Νι ³⁰

Relictis 0. 88. 88. 116. 13

116116161- 16. Tib. 46

116116166101. 11. 1. 28

Relicta· 01. 2. 11. 6

1161136116111. 17 ’

116Ιί3616 111. 16

116113161).8οω80111.6

1161131666 C. 16. 22. 01. 12. 13. J. 63,

Ι1611316666101.26

1161131966661. 86. 0. 38. Tib. ⁰⁰

Rei& 661116 76

1161131661611. 6. 116. 2. 33

1111131 bnumN· 66, 01118

1161131666 01612

1163311661. 14

1161131661661166111.9

11663166166Ο.36

Ι1611“ 663166 Tib. 61

116116366661 J. 78. 0. 74. 1117

116116 (3.66160 23

116113160.22.1.2.Ν..610..,2837

11611366160.13. Ν. 41. 0. 18. 21.
1117 ·

1161136660. 4. 24. J. 68. 0..3349.

Te. 2

1161136616101. 12. 0. 17

116113666101, 4. J. 62. 0.27

116113 610. 2. 86. 0166

116113 uino, l

1161136166οω3331).8..170221
36. Ν. 38. 68. 0. 188. 0111. 18

611

1161136116116. 64

116113616012. 1. 43. Ν. 37. Ο.181.
Tib. 68. 62

116113 61666 (117

1166361666610. 38. 016. 6

1166366661 116 11 22. 67Ι

1166361103. 01...14101.3..241.
.66.....6888Ν3 Ρ6.1’6..6 1163.
47. 78. vib

Reliquo 01. 36. 1. 27. Ο. 81

Reliquorum J. 66

116113666018. 1. 42. 62. Ν. 1.14,
Ο.17. ’116.36. Vi. 16

1161136616 1 . 14. Ν. 34

1166101. 16. 23. G. 1618. (11.4. 18.

’ .1.14.68. Ν. 48. Ο.1.7. 42. 87.

71. 83. oth. 1⁰· Tib· 21. 22. 71.
ῊΆῊΜ
1166666161661 D. 18
66666611161
Remmium 0. 43
1161666616 Tib. 72
1166616161 11. 6
11666661661023. 0. ⁰1
1166166611 G. 6. 116. 12
1161116616 ΡΙ.
1166166116 G. 3
Remedio 0. 42. 88. 98. Vi. 2
116666161616 Ti. 8. Tib. 63
Remedium N. 33. 36. 68
11616131666 G. 12
Remis Tib. 62
86611610. 71
116161616661111.7
116161611018. 01. 26. 36. (1.12. 1.
38. 62. 0· 17. Τ16. 32. 37
nemisse 01. 38
1166166666 ’116. 73
1166166166616 1. 28
1166166161 01. 21. G. 14
1166116616166 116. 21
Remissioris Tib. 62
11661661εεί166 0. 38
1161111616 1. 67
1166166616 116. 11
1161611166ᾱοΝ.26
1166616660. 32
Remini 016. 8
Remmium Ρ6.
Remmius Gr. 23
Remuliitum 0. 78
1161116160. 28
1161661661. 88
11666166 01. 18. 116. 42
Remove J. 43
1166166666 G· 16
1166166611 111. 2
1166666661. 86. Ο. 43
1161666111. 18. 116. 38. 36. 66

 

