ΙΝ 81181οΝ1011.

01101111 0, 40
c· 0011 21· 01010101 Na· ²⁰· ³⁸·
1,1, Tib. 11, 44
011111, 81
01111011. 1. 81. 110. 40
ssffiffbflo. o. 11
01 10.40.81, 01. 80. 10017, 80,
,80. 1. 84, 88. Nae· 0.88. 110.
18, 88
1, 81
1101111074
,0111111 111, 17
0111111111.17,80, 110 11, 81
0111111011 01. 81
eminam 0. 88
0111111. 74
0111111 Gr. 18, Tib. 18
01111111 0. 18
01111111 Ν, 48. 0, 48. Tib. 88
casim 0, 87
0111111101. 8
0111111 H. Tib. 70
earmina 0. 0. 01. 8. 1,40, Ν, 10. 48.
88. 0, 88. 80. 110. 88
01111111 0. 18. 88. L. Ν, 84
0ΙόἎῇΜο c· 001 Domo 111001 Νι 091
0111111111 N. 12
cmm G. ⁹0 H· N· 10107
0111111 Ν. 87
01111111 01. 84. Tib. 84
0111111110
Carnificem 01. 18,
01111811 0. 88
0111111111 110, 81
01111011 110, 81
011οο. 81
0111011084
1111111101. 17. 110. 8

XXV

' 0111111080, 87. 0188. 0. 4. VM

0111108

entonis. 88, Vm

01111111, 88

8111111110

0111111110, 71

0111111110.88.1. 10. 0100, 11080

0111110. 44. 01. 10, 88, 107, (1.8,
11, 10. 80, 1, 80, 75, Ν. 8. 0111. 8,

111,8.110.18,87.111.8

01111111 DJ

011011111018

0111111111 D. 18

0111111111 0.0

01101111011110 78

011111111110,88

01111110.8.01...81010.1.80, Ν.
ῗ8δ.0,..,18.407701,.04 0108.

1 48
01ῢ11οῐ1110.88.1.88.0..18.8808.
e. 1.4

011110,10. 811011. 1).Ἰο ,1.80.
0.88.78.87.11018,87

011111 0, 48, Tib. 88

,01111 01. 88. 0. 8. ,1,80. 010 0.

0101111111 Ν. 11

0111111 Gr. 18

011111 0. 04, 1111, 8

cmm Ν. 88

cmi 0. 18

0111111111 10. 84

cm c· πθ ⁴⁵0 D· ¹⁴· N! ss
0111111111 0, 48 .
01111111 0,18

Catilina 1, 11

catilin J. 14. 17, 01, 17. 0. 8. 04
catino 0. 18
08800110111111100

came Gr· 01 111 m· ο· 80180
01111111 01. 4. 1, 80

, Catoni· 111111. 01111

01111101,,00,10.11.1.111101Ῑ“1,8

011110,11.011.1

emmam

0111011Τί010

0111111010

01110οω1018ὓῶ Ν.,.8887

01ῖ1ἑ11560184ηδ7 (1.8. 180, Ν.,87

fflffiffifnflffl, 111111.
0,,801 ’110. 81

111111. 11 Ver. 01111.

01111 111. 14

cmi· D. 8

Canos D. 8

011111 G. 88. 0, 04
Catullus 0. 88
01111101, 8
0111111111, 18
01111110. 04
0111110, 01. 111. 88
01111110 48
0111110. 48
0111111108
σιω c· m! N· υ· o· ⁴⁴
0111111 cl. 81

, 01110111101

01111Σ1111101.87,Ν,40, 11088111,

111, Suet· D

 

