1 1111111

0441404401 0. 1
044140410οω10.44. 11. 0
0411404101 1. 06
Depnhenu 0. 10
vepretum 100
0414414144 01. 00. 01
nuptorum 110. Ν. 00
0444411411ωο N. 04
0441414440 0. 04. 01. 10. 0. 10
Depugmturor 0. 14

D· 111111

Dep 41111. 44

D 14 110. 00
offis οι..

narrem 110. 0

’ 04110411 01. 4

Derim 0. 00

0411411111 Tib. 10

0411444111 G. 10

0444111441 N. 14

Dudum C. 44
Descendentem 01. 10. G. 10
Ducendum 0. 00
Descenderam. 10
044141114441 01. 01. 0. 10. 0111. 0
0444411111 Ν. 10. Tib. 10. 00. Vi. 10
0444414114111 N. 00
ΜΝἹΜΙ N· ⁴³
0444144414 11. 0

0444144411 N. 40
nesciverunt vi. 10
0444111444 N. 40
1144411111). 14. Τ. 01
Describam 0. 41
04441104141110. 00
Describitur 11.
044411444141110. 10
Descripsit 01. 40
Dercr'rptione Tib. 00
04440111. 0 ·

044411 0. 0. 1111. 10
0444114 0. 10. 0. 04
0444111111 Ve. 0

04441140. 46. 01. 00
0444114141 0111. 11
1144411414111 1. 01

Desertum G. 10

Desertus 0111. 0
044411411111. 14

04441411 0. 10

0440414141 Ν. 00
04410411141111 0. 14
04411414011141 111). 01
0440414414 01. 10
0411οω14111 0. 00. 01. 40
0441441410 Ο. 40 “
Mdeflmlt Ο· ⁴⁰· Ti· ⁹
Desiderari 0. 00
0441441414410. 10

044111414νί1 Ν. 40. 0. 00
Desidere 1. 4. 11111
1144144114 0. 11. 00. 04
0400411011 0
Desiderio N. 0. 1111. 11
0441οσ11141 0. 10
Den'dero Gr. 14. Tib. 01
04414114 Gr. 4. 0. 00. 110. 00
nuidi- Ν. 40

0441011111 G. 0
04410144141 Gr. 8
04414114 1000
0441114041 0. 10
041131414101. 40
naisum Te. 4
0441μο 0. 0
0441814οω414 1. 0
neritum. D. 1
Dedgnrtoe 0. 04
nauigamus. 14
0441414111 01. 40

Dedit 11. 0. 41. 1111. 44
0441111444 Ν. 00. Vc. 110
0410114441 1. 04
0411111111. 00
044144111411 N. 0
Desinite Gr. 10

04414111 Tib. 04
0441041411 11. 0

0441144 0. 01

neritum Tib. 00
04441114 0.Ιο
nupseris. 10
04444104411114 01. 0
0444441111 G. 11
Deam 1111. 0
0444414114 J. 00
Damion„ Ν. 0. 0111. 0
044441404141111. 00. 0. 01
0440414114 1. 00
011411141ωο411 0111. 10
Despiciam 0. 4
0444410144 0. 00
044441014441 01. 01
Despondit 0111. 1
Bosporum J. 1
0444444414111 01. 01
0440114οω1014 0. 01
0441141041 1. 44
0441114114 O. 0
041111411411 0. 00
0441111110 Tib. 00
0441114111οω 1. 00
0410141111 0. 10
1141441411. 14. ο. 41. rh
0441114141 0. 4 ’
0441114111 Da ¹
Defltinme C. 8⁴. 01. 00. Ν. 40. Ne.

 

