11 10011

8811011111 Tib. 14 8111111110 VM
8800101010.80.1“18.44 Adveniens N. 87
8811101011 01. 88 s 8810011010011111.8.111.7
8811101110.17.84.111.8.88 8810100010 0.88
8811010111 (11.1 8810010011 018. J. 84
8801010001 01. 86. 1. 88. 0. 8. 80. 68. Advenientibus 0. 41

1111. 70 . 88101111 G. 18
Adulescente 1. 8. Ν. 87 8110111110. 4
8801010101011111.1 8810011011 11118
8801110001110.80. 01. 41. Ι). 18. Ν. Adventu J. 80. N. 8. 0. 88

4. 0111. 8. Ρο. Adventum N. 88. 01108
880101000110018. D. 1. L. 8811111010. 18. 1. 88. Tib-bl
8801οκ00111οι Tib. 7 8810111 Ν. 48. 0. 86
Adulescentibus (11. 16. 0. 84 88101110 D. 10. J. 88. 68. 78
8801010001111111. 88 8810111111 0. 14
8801010001011 01. 88. Tm 8810111011 J. 11. Ο. 10 ·
8801010001010 1).14. 01. 4. 1. 88 8810008801 Pl. Vi. 10
88011101101101 N. 80. 11101 Adversarii O. 14
8811101010011001 D. 18. 0. 48. Ve. 8. Adversarii· 01. 18. D. 1. J. 88. 80.

1. 18 80
880100011010.48 8810111110 Gr. 88. nm
8110101110. 84 88100111ωο01 J. 86. 88. N. 88. 0. 88
8801101111 0111. 11 Adversarius J. 80. Ν. 88
88010110 N. 48 881011111οω 0. 88. 01. 87. Ν. 84
8801111118ωο4 1010010010. 6. vi. 18
8110111110 Tib. 18. 81 1111110110.Το11
8801101101. 88 . martinimontis
Adoptantur 0th. 8 8810110 0. 88. 1. 88. 88. Ν. 48. 11. 6.
' 88011110 01. 8. Tib. 8 1111. 88. vi. 8

8801111101 1111. 18 8810110011. 88
Ado tm c· 11 cl· 2⁴· (M. N· fl· 71 Admitte N· ¹¹⁵

11 . 8 · 8110111180 vi. 8
8801111111 0. 18. 01. 87. 0. 17. J . 88. 880111111οι11 0111. 7

0. 84. 88 880111100101 0. 8. 88
8801111001 01. 48. Tib. 18 8801180001 Ο. 88. Tib. 87
8801110010 01. 88. Ν. 7. 0. 88. 0111. 8801111101 vi. l

8. 111081 8801111 O. 88
8801180011 0. 17. 18. Ν. 88. Tib 8801101110 0. 67
880111110 Ν. 41 8801101110. 84
8801181001 Tib. 88 8801101011011. 8. 48
8801008001 0. 88 880110111 0. 11. Ο. 88. 70. Tib. 11
8801110 111. 8 8811110111 01. 48. D. 8. 0. 8
8110111110. 14. Ν. 18. 0. 84 8801101111 01. 18. 0. 84
adorirentur J· 880 8110110110 118. 88
88011110. 88 , 8801101101001 1. 88. Ν. 888
8801111001 0. 88 88011110 01. 88. 88
8801111110 Ν. 88 8801101001 1. 74
8801001001 N. 18 8801111 'lib 18 -
88010110 11118 880110 01. 88
8801011110. 80. Τ111.48 8801100 G. 81
880111 D. 17 8810011101. 88
Adriatici Tib. 18 8810018000 Gr. 88
8810010111. 84 8810011111 01. 88. 88
8810010111 01. 80. 0. 48. Tib. 74 88100110 01. 8
8810010101. 80 8810011101 01. 18
88101101. 88 8810111010111 G. 80
Advenerat 0. 88 8111011111 vi. 8

Μωωοοω1 &mandabamus

 

